32 32

16 18 16 27 31 15 32 31 18 19 20 31 26 22 21 23 23 23 32 30 17 29 20 18 22 16 27 22 24 29 18 18 
26 18 23 19 16 30 30 19 19 18 21 28 17 23 27 32 17 24 24 29 31 17 24 17 32 22 24 31 15 20 18 19 
26 16 21 24 28 25 32 25 31 18 17 18 30 26 30 30 16 29 17 18 27 16 16 24 22 29 17 32 16 15 27 32 
17 19 31 1 1 1 1 1 30 20 20 1 1 1 1 1 15 29 25 32 1 1 1 1 1 1 1 1 1 26 17 17 
19 18 23 1 1 1 1 1 17 25 24 1 1 1 1 1 30 17 30 28 1 1 1 1 1 1 1 1 1 17 32 20 
27 28 30 1 1 1 1 1 29 29 22 1 1 1 1 1 28 15 19 23 32 31 30 1 1 1 16 31 22 20 30 22 
25 24 19 1 1 1 1 1 20 31 29 1 1 1 1 1 20 22 19 18 16 27 27 1 1 1 16 22 19 16 21 29 
23 22 22 1 1 1 1 1 29 30 25 1 1 1 1 1 30 27 25 25 20 31 30 1 1 1 20 23 30 15 23 21 
15 17 25 1 1 1 1 1 18 23 17 1 1 1 1 1 20 23 27 24 31 30 20 1 1 1 19 32 17 15 21 29 
24 26 29 1 1 1 1 1 23 15 30 1 1 1 1 1 32 17 19 23 16 21 28 1 1 1 23 20 21 19 17 23 
15 30 23 1 1 1 1 1 1 1 1 1 1 1 1 1 18 19 25 30 16 25 31 1 1 1 18 26 22 28 15 17 
27 28 29 1 1 1 1 1 1 1 1 1 1 1 1 1 24 22 32 25 19 27 22 1 1 1 24 32 22 24 17 19 
27 19 24 1 1 1 1 1 1 1 1 1 1 1 1 1 28 21 19 28 17 21 26 1 1 1 26 31 24 20 24 26 
17 18 20 1 1 1 1 1 30 19 24 1 1 1 1 1 32 23 29 28 31 22 32 1 1 1 31 20 17 30 29 25 
17 17 27 1 1 1 1 1 23 24 25 1 1 1 1 1 32 19 17 27 18 16 15 1 1 1 28 23 32 17 20 27 
17 27 19 1 1 1 1 1 22 16 18 1 1 1 1 1 29 29 27 17 26 29 29 1 1 1 15 19 22 31 16 18 
16 21 16 1 1 1 1 1 17 26 30 1 1 1 1 1 28 16 29 19 21 29 31 1 1 1 20 23 21 25 19 21 
23 31 26 1 1 1 1 1 17 22 23 1 1 1 1 1 31 31 29 24 18 31 17 1 1 1 25 15 24 32 15 23 
24 26 25 1 1 1 1 1 24 32 29 1 1 1 1 1 15 29 16 21 32 21 17 1 1 1 20 26 21 16 21 18 
18 20 23 1 1 1 1 1 29 30 25 1 1 1 1 1 28 25 17 1 1 1 1 1 1 1 23 17 25 31 21 18 
23 17 26 1 1 1 1 1 28 22 16 1 1 1 1 1 23 27 27 1 1 1 1 1 1 1 29 28 17 30 30 31 
23 27 21 32 24 31 15 22 17 29 30 16 29 23 16 21 32 20 24 18 23 19 28 1 1 1 1 18 18 16 18 17 
31 32 22 24 23 30 30 22 23 29 25 18 21 20 23 29 20 29 20 20 25 16 15 18 20 26 17 22 30 27 31 27 
19 29 22 25 32 18 25 32 20 23 24 19 15 16 29 30 25 31 31 15 29 28 31 23 23 29 15 28 18 24 24 28 
26 22 26 22 28 27 23 31 31 26 18 30 18 19 16 17 21 29 19 24 17 29 20 23 28 23 16 25 19 22 16 24 
28 32 20 19 32 17 32 27 23 20 20 18 24 15 17 16 30 18 18 32 18 19 24 20 24 25 23 22 16 17 27 18 
17 18 30 16 26 24 27 28 26 26 18 19 30 23 20 19 26 25 25 27 29 16 30 31 15 16 21 30 20 28 25 29 
31 19 27 17 24 30 31 26 15 25 24 22 22 26 23 20 25 20 32 15 21 20 31 16 22 25 24 15 26 29 19 32 
28 22 26 32 21 25 28 30 19 32 21 26 15 24 17 31 27 20 22 29 23 31 25 23 31 21 18 23 30 17 19 19 
28 19 19 16 21 18 32 31 30 16 28 25 15 28 21 15 26 32 20 25 28 16 24 28 16 30 16 20 24 24 18 16 
22 29 25 20 20 23 15 28 32 30 16 20 25 15 23 25 22 26 16 19 15 27 32 27 21 27 21 27 28 16 32 17 
26 27 29 24 20 24 26 17 23 25 27 21 19 25 25 25 20 27 27 25 29 30 20 15 16 31 19 28 16 24 21 23 

1 1 1 1 1 1 1 1 1 1 1 1 1 1 1 1 1 1 1 1 1 1 1 1 1 1 1 1 1 1 1 1 
1 1 1 1 1 1 1 1 1 1 1 1 1 1 1 1 1 1 1 1 1 1 1 1 1 1 1 1 1 1 1 1 
1 1 1 1 1 1 1 1 1 1 1 1 1 1 1 1 1 1 1 1 1 1 1 1 1 1 1 1 1 1 1 1 
1 1 1 16 27 17 28 31 1 1 1 30 18 18 25 15 1 1 1 1 17 16 31 29 29 18 22 19 31 1 1 1 
1 1 1 29 16 16 22 25 1 1 1 22 24 16 31 15 1 1 1 1 22 25 22 24 17 26 29 29 21 1 1 1 
1 1 1 28 25 20 31 16 1 1 1 18 19 27 30 21 1 1 1 1 1 1 1 20 31 24 1 1 1 1 1 1 
1 1 1 24 30 24 19 20 1 1 1 23 18 29 28 25 1 1 1 1 1 1 1 15 21 29 1 1 1 1 1 1 
1 1 1 32 29 16 30 19 1 1 1 19 32 29 31 15 1 1 1 1 1 1 1 29 28 19 1 1 1 1 1 1 
1 1 1 17 30 25 25 28 1 1 1 28 28 29 25 19 1 1 1 1 1 1 1 27 20 27 1 1 1 1 1 1 
1 1 1 23 18 20 22 17 1 1 1 30 25 26 32 29 1 1 1 1 1 1 1 31 30 16 1 1 1 1 1 1 
1 1 1 29 19 19 17 30 18 32 20 32 27 26 20 18 1 1 1 1 1 1 1 21 15 25 1 1 1 1 1 1 
1 1 1 17 21 30 22 16 16 15 23 25 23 32 28 25 1 1 1 1 1 1 1 26 29 27 1 1 1 1 1 1 
1 1 1 22 25 32 17 19 15 27 16 30 25 27 16 16 1 1 1 1 1 1 1 18 22 28 1 1 1 1 1 1 
1 1 1 17 31 21 16 21 1 1 1 25 18 27 26 19 1 1 1 1 1 1 1 19 22 21 1 1 1 1 1 1 
1 1 1 26 28 29 15 32 1 1 1 31 24 22 17 24 1 1 1 1 1 1 1 26 19 18 1 1 1 1 1 1 
1 1 1 21 30 16 29 19 1 1 1 31 18 28 17 29 1 1 1 1 1 1 1 19 15 27 1 1 1 1 1 1 
1 1 1 28 32 22 19 22 1 1 1 27 18 17 28 25 1 1 1 1 1 1 1 20 22 24 1 1 1 1 1 1 
1 1 1 29 22 25 26 23 1 1 1 30 32 26 27 31 1 1 1 1 1 1 1 20 24 31 1 1 1 1 1 1 
1 1 1 27 21 24 21 21 1 1 1 19 15 23 29 22 1 1 1 1 1 1 1 21 21 19 1 1 1 1 1 1 
1 1 1 29 22 27 25 16 1 1 1 26 29 32 31 22 1 1 1 28 24 31 22 29 30 20 1 1 1 1 1 1 
1 1 1 24 24 16 18 22 1 1 1 32 16 32 22 25 1 1 1 20 24 27 29 22 22 19 1 1 1 1 1 1 
1 1 1 1 1 1 1 1 1 1 1 1 1 1 1 1 1 1 1 1 1 1 1 29 27 15 31 1 1 1 1 1 
1 1 1 1 1 1 1 1 1 1 1 1 1 1 1 1 1 1 1 1 1 1 1 1 1 1 1 1 1 1 1 1 
1 1 1 1 1 1 1 1 1 1 1 1 1 1 1 1 1 1 1 1 1 1 1 1 1 1 1 1 1 1 1 1 
1 1 1 1 1 1 1 1 1 1 1 1 1 1 1 1 1 1 1 1 1 1 1 1 1 1 1 1 1 1 1 1 
1 1 1 1 1 1 1 1 1 1 1 1 1 1 1 1 1 1 1 1 1 1 1 1 1 1 1 1 1 1 1 1 
1 1 1 1 1 1 1 1 1 1 1 1 1 1 1 1 1 1 1 1 1 1 1 1 1 1 1 1 1 1 1 1 
1 1 1 1 1 1 1 1 1 1 1 1 1 1 1 1 1 1 1 1 1 1 1 1 1 1 1 1 1 1 1 1 
1 1 1 1 1 1 1 1 1 1 1 1 1 1 1 1 1 1 1 1 1 1 1 1 1 1 1 1 1 1 1 1 
1 1 1 1 1 1 1 1 1 1 1 1 1 1 1 1 1 1 1 1 1 1 1 1 1 1 1 1 1 1 1 1 
1 1 1 1 1 1 1 1 1 1 1 1 1 1 1 1 1 1 1 1 1 1 1 1 1 1 1 1 1 1 1 1 
1 1 1 1 1 1 1 1 1 1 1 1 1 1 1 1 1 1 1 1 1 1 1 1 1 1 1 1 1 1 1 1 

1 1 12 26 27 20 1 12 1 1 26 16 23 1 1 1 1 12 1 29 12 13 1 21 10 17 23 1 10 11 1 
23 22 14 24 26 1 23 1 1 19 14 16 25 17 25 19 22 1 27 1 20 25 15 10 28 1 14 28 10 1 1 
29 29 11 18 11 18 23 19 10 1 1 13 13 21 1 27 12 20 1 23 17 1 12 1 23 11 27 25 1 10 27 
1 26 13 20 23 12 27 22 16 1 22 27 1 21 26 22 22 25 27 14 1 21 1 1 10 16 20 28 28 25 1 
1 27 28 15 1 28 27 20 13 1 14 1 18 14 24 21 25 20 1 17 20 21 1 26 27 16 1 26 11 10 14 
1 1 15 20 23 13 14 13 1 11 17 1 26 18 11 23 21 29 27 14 1 1 18 17 24 18 28 13 1 12 12 
1 11 28 22 18 26 1 15 29 1 29 21 21 1 14 24 1 15 1 1 14 1 12 28 13 21 27 28 21 13 24 
1 1 21 16 10 14 10 11 1 27 25 26 25 1 28 26 20 1 1 22 19 1 10 1 26 26 20 26 19 29 1 
1 14 27 11 15 1 19 29 18 29 23 1 1 19 19 19 10 28 19 17 1 12 14 22 16 29 11 18 1 20 11 
1 28 16 25 1 1 13 14 22 13 17 22 1 11 29 13 13 1 11 23 24 25 19 1 17 23 28 1 1 1 29 
29 12 14 29 1 1 20 20 27 21 10 16 1 27 1 21 1 27 17 25 22 16 28 20 16 13 24 11 22 14 1 
1 1 13 17 10 24 24 1 1 18 1 1 13 10 25 19 1 27 12 25 15 16 19 14 1 16 16 29 1 24 1 
12 10 28 23 10 21 1 12 26 19 14 17 1 28 1 16 14 1 25 28 13 28 22 11 18 11 22 24 28 23 1 
1 1 27 16 10 14 18 13 17 14 26 25 15 1 26 27 19 28 1 17 15 13 21 23 1 18 21 29 16 1 16 
1 23 18 1 1 14 23 20 1 1 23 24 1 15 11 14 13 1 14 15 1 1 25 29 1 20 23 22 12 24 16 
25 15 25 11 15 15 16 11 27 1 12 16 19 14 24 11 1 1 28 16 11 1 11 25 20 11 25 20 12 14 1 
14 22 18 14 18 28 26 14 24 11 25 20 1 10 18 24 27 10 20 1 29 1 15 1 1 15 26 1 25 28 1 
17 16 20 17 25 1 17 10 14 1 10 1 11 1 29 24 1 1 22 13 11 10 14 27 27 13 13 16 20 11 18 
1 1 16 10 17 27 1 25 10 19 14 21 14 13 12 19 23 23 12 12 16 10 14 1 1 26 29 15 13 18 14 
1 27 11 21 13 1 15 19 1 15 29 25 10 1 28 18 26 16 29 24 24 26 10 1 20 14 16 14 16 14 18 
13 24 29 1 15 1 29 15 16 29 17 16 23 12 21 14 15 1 10 14 24 1 10 1 29 29 1 22 18 1 1 
15 21 12 22 17 13 19 21 25 1 21 16 16 15 24 14 23 19 18 23 12 11 24 1 22 23 18 1 1 1 1 
1 18 1 1 15 1 17 1 14 21 19 29 1 14 20 13 20 21 1 12 25 1 13 1 28 11 22 16 26 21 22 
28 23 22 18 17 11 16 26 20 1 20 24 1 20 1 16 11 1 18 13 1 21 20 1 14 23 21 27 23 1 16 
23 18 25 25 1 15 16 1 20 28 28 10 1 20 1 28 10 15 17 26 20 21 11 22 10 26 11 28 17 11 13 
14 23 1 10 21 29 22 24 27 1 1 13 14 1 1 19 17 1 17 19 1 26 26 19 1 1 1 19 1 10 16 
1 27 11 10 1 14 1 1 1 17 1 23 19 10 1 27 1 1 1 1 10 22 1 12 1 26 15 18 20 27 22 
18 19 19 24 27 1 17 10 19 1 1 1 17 21 19 14 25 29 26 28 1 15 26 29 18 1 18 12 18 12 24 
14 25 10 15 20 19 1 26 18 20 28 10 14 19 12 24 19 1 13 15 17 21 1 17 14 27 17 28 12 1 1 
17 1 13 24 21 12 1 1 13 10 11 23 28 17 14 18 11 22 25 22 12 29 16 17 24 18 13 15 1 23 1 
18 23 20 1 13 15 17 14 1 21 26 16 14 18 1 17 29 17 26 12 11 23 11 28 21 18 16 1 24 26 17 
1 1 18 27 11 1 24 21 1 1 19 1 15 1 1 14 24 1 1 28 1 18 19 1 22 23 21 25 20 18 1 

26 3 11 19 35 13 4 44 5 3 6 58 53 4 42 14 21 5 30 5 41 24 11 4 20 49 56 28 50 21 6 5 
5 3 3 57 21 53 4 59 19 4 39 56 29 14 50 3 6 31 18 28 32 6 47 50 10 32 55 6 4 18 12 11 
14 32 26 19 44 59 38 45 3 4 36 30 42 29 35 36 6 4 44 50 48 25 16 19 22 30 32 17 21 47 50 24 
4 4 22 28 56 6 27 10 44 59 10 17 53 5 49 3 15 16 56 25 42 10 28 48 30 55 45 40 37 50 40 37 
31 59 42 4 57 24 11 35 30 20 5 41 37 54 3 31 6 3 23 45 20 12 32 40 12 4 14 10 25 27 5 3 
5 14 20 45 46 11 41 17 35 4 43 41 6 3 4 57 35 10 4 33 41 17 28 26 40 46 3 55 43 22 28 27 
5 3 56 28 4 23 42 6 16 5 17 46 42 6 50 35 47 40 21 56 19 39 14 34 46 30 24 6 41 3 3 23 
19 24 29 52 4 24 26 32 47 42 18 45 53 4 39 59 53 25 3 6 37 5 42 5 33 29 4 30 52 5 4 38 
38 22 36 56 37 15 19 11 25 55 18 5 27 52 52 49 45 38 14 3 21 45 20 22 19 43 20 25 18 41 14 54 
39 57 18 13 6 3 44 55 14 53 40 4 5 5 37 13 49 5 34 23 5 50 30 27 41 25 19 32 6 52 5 22 
56 6 55 11 4 38 14 29 3 33 37 33 26 38 17 39 43 52 40 17 15 4 39 48 18 6 47 36 4 12 3 6 
4 18 45 12 29 6 15 11 6 43 51 18 5 54 36 24 39 5 11 45 6 16 49 24 22 5 4 6 3 56 23 14 
50 3 10 57 19 51 5 6 17 20 28 48 41 4 12 31 17 6 22 5 15 5 32 5 4 17 46 42 36 36 59 5 
3 6 22 48 37 43 6 26 12 40 6 27 26 27 18 36 5 48 19 3 10 53 37 41 21 48 56 51 48 26 36 5 
4 36 33 37 3 47 29 18 3 38 55 4 13 21 6 11 29 38 36 16 53 10 54 48 44 51 35 28 43 56 53 20 
6 11 40 16 3 11 37 32 58 39 12 10 6 36 51 32 3 54 4 6 53 5 5 6 12 31 54 17 3 52 28 42 
11 17 31 6 58 13 48 5 5 55 31 30 48 35 4 19 36 22 6 14 25 6 26 3 5 59 47 37 42 16 17 5 
5 21 5 6 4 4 38 4 26 17 55 33 31 37 3 31 51 4 16 58 12 37 4 5 55 28 18 31 12 52 53 20 
29 11 4 3 4 14 54 23 35 3 54 43 12 20 3 3 46 24 6 57 33 48 48 38 38 4 21 31 17 35 5 4 
36 28 17 53 4 28 18 22 4 47 18 16 24 3 48 16 22 6 42 49 6 37 45 59 56 3 50 40 27 4 37 51 
6 46 50 19 58 40 26 44 41 55 32 56 40 48 43 46 15 50 53 21 21 14 30 49 35 21 27 33 4 58 35 19 
49 59 5 42 3 3 55 5 50 3 41 4 15 12 31 57 52 24 34 3 4 43 25 21 42 30 31 48 21 25 53 46 
22 12 5 5 18 54 32 21 58 33 6 6 48 53 13 3 25 6 34 37 50 31 38 43 23 42 6 32 18 50 52 6 
15 40 17 22 11 59 5 6 57 55 30 44 30 16 27 51 51 3 22 27 18 3 17 6 53 50 3 58 4 3 35 26 
6 17 38 11 40 18 44 43 32 41 5 39 18 26 3 5 58 36 3 22 4 23 45 20 12 6 49 29 50 18 10 59 
10 32 28 45 32 45 12 6 26 20 3 6 55 21 39 35 30 46 41 25 50 54 32 40 47 47 6 55 44 27 6 59 
16 6 56 4 5 27 32 4 23 3 43 39 40 25 14 6 6 49 30 34 37 16 6 15 30 59 23 20 54 3 47 37 
15 26 6 20 12 52 44 55 26 43 59 39 56 4 55 43 6 6 37 10 5 29 24 21 57 22 17 16 43 45 3 20 
4 57 25 38 4 37 12 4 38 20 37 6 6 57 18 28 6 49 3 38 18 54 3 30 24 52 4 26 37 11 6 41 
32 32 28 24 4 52 51 21 3 33 18 55 30 17 4 51 16 37 38 40 40 21 23 3 17 12 44 22 32 16 27 3 
52 6 46 45 5 6 27 32 37 37 19 4 27 15 4 4 6 5 24 33 31 23 26 51 56 30 4 4 53 40 51 17 
